
7 9 $ 2 1 3 6 4 5 
$ 6 5 8 7 9 3 1 2 
1 3 2 5 4 6 9 7 8 
3 $ 4 7 6 8 2 9 1 
9 2 1 4 3 $ $ 6 7 
6 8 $ 1 9 2 5 3 $ 
5 $ $ 9 8 1 4 2 3 
2 4 $ 6 $ 7 1 $ $ 
$ 1 9 $ 2 4 7 5 6 

$ 2 1 8 7 9 4 $ 6 
$ 8 7 5 4 6 1 2 3 
6 5 4 2 1 3 7 8 9 
7 6 5 3 2 4 8 $ 1 
4 3 2 9 8 1 5 6 $ 
1 $ $ 6 5 7 2 3 4 
2 $ 9 7 6 8 3 4 $ 
5 4 $ 1 $ $ 6 7 8 
$ $ 6 $ 3 5 9 1 2 

$ 5 $ 7 8 6 9 $ 1 
$ 2 1 4 5 3 6 8 7 
6 8 7 1 2 9 3 5 4 
4 6 5 8 9 7 1 $ 2 
1 3 2 5 6 4 7 9 $ 
7 $ 8 2 3 1 4 6 5 
2 $ 3 6 7 5 8 1 $ 
8 1 $ 3 $ $ 5 7 6 
$ $ 6 $ 1 8 2 4 3 

3 5 4 7 8 6 9 2 1 
9 2 1 4 $ 3 6 8 7 
6 8 7 1 2 $ $ 5 $ 
4 6 5 $ 9 7 1 3 2 
1 $ 2 5 6 4 7 9 8 
7 9 $ $ 3 1 4 6 5 
$ 4 3 6 $ 5 8 1 $ 
8 $ 9 3 4 $ 5 7 6 
5 7 $ 9 1 $ 2 4 3 
